crossing time (s)	slope (V/s)	crossing number
281474976710655.000000	10.340098	14973	0.000000
281474976710655.000000	8.781343	14974	0.000000
281474976710655.000000	10.814587	14975	0.000000
281474976710655.000000	9.336418	14976	0.000000
281474976710655.000000	9.813883	14977	0.000000
281474976710655.000000	9.452260	14978	0.000000
281474976710655.000000	10.097247	14979	0.000000
281474976710655.000000	8.915751	14980	0.000000
281474976710655.000000	10.618399	14981	0.000000
281474976710655.000000	8.769023	14982	0.000000
281474976710655.000000	9.797205	14983	0.000000
281474976710655.000000	9.176623	14984	0.000000
281474976710655.000000	9.472548	14985	0.000000
281474976710655.000000	9.017657	14986	0.000000
281474976710655.000000	9.986549	14987	0.000000
281474976710655.000000	8.724798	14988	0.000000
281474976710655.000000	10.374517	14989	0.000000
281474976710655.000000	8.697460	14990	0.000000
281474976710655.000000	9.714449	14991	0.000000
281474976710655.000000	8.807166	14992	0.000000
281474976710655.000000	9.573699	14993	0.000000
281474976710655.000000	8.657982	14994	0.000000
281474976710655.000000	9.840512	14995	0.000000
281474976710655.000000	8.862057	14996	0.000000
281474976710655.000000	9.766680	14997	0.000000
281474976710655.000000	8.687788	14998	0.000000
281474976710655.000000	9.712195	14999	0.000000
281474976710655.000000	8.428726	15000	0.000000
281474976710655.000000	9.998387	15001	0.000000
281474976710655.000000	8.446291	15002	0.000000
281474976710655.000000	9.764246	15003	0.000000
281474976710655.000000	8.566692	15004	0.000000
281474976710655.000000	9.850555	15005	0.000000
281474976710655.000000	8.407368	15006	0.000000
281474976710655.000000	9.457402	15007	0.000000
281474976710655.000000	8.734652	15008	0.000000
281474976710655.000000	9.367952	15009	0.000000
281474976710655.000000	8.321560	15010	0.000000
281474976710655.000000	9.406961	15011	0.000000
281474976710655.000000	8.578387	15012	0.000000
281474976710655.000000	9.503401	15013	0.000000
281474976710655.000000	8.407284	15014	0.000000
281474976710655.000000	9.150910	15015	0.000000
281474976710655.000000	8.636084	15016	0.000000
281474976710655.000000	9.095378	15017	0.000000
281474976710655.000000	8.476208	15018	0.000000
281474976710655.000000	9.395154	15019	0.000000
281474976710655.000000	8.231273	15020	0.000000
281474976710655.000000	9.363651	15021	0.000000
281474976710655.000000	8.173480	15022	0.000000
281474976710655.000000	9.281118	15023	0.000000
281474976710655.000000	8.304482	15024	0.000000
281474976710655.000000	9.235907	15025	0.000000
281474976710655.000000	8.280870	15026	0.000000
281474976710655.000000	9.104325	15027	0.000000
281474976710655.000000	8.390189	15028	0.000000
281474976710655.000000	8.906961	15029	0.000000
281474976710655.000000	8.083743	15030	0.000000
281474976710655.000000	9.214945	15031	0.000000
281474976710655.000000	8.062273	15032	0.000000
281474976710655.000000	9.116788	15033	0.000000
281474976710655.000000	8.096386	15034	0.000000
281474976710655.000000	8.910904	15035	0.000000
281474976710655.000000	8.212650	15036	0.000000
281474976710655.000000	9.126738	15037	0.000000
281474976710655.000000	8.162874	15038	0.000000
281474976710655.000000	8.696222	15039	0.000000
281474976710655.000000	8.163357	15040	0.000000
281474976710655.000000	8.753778	15041	0.000000
281474976710655.000000	8.213068	15042	0.000000
281474976710655.000000	8.632486	15043	0.000000
281474976710655.000000	7.965154	15044	0.000000
281474976710655.000000	8.835518	15045	0.000000
281474976710655.000000	7.910106	15046	0.000000
281474976710655.000000	8.725918	15047	0.000000
281474976710655.000000	7.874459	15048	0.000000
281474976710655.000000	8.753078	15049	0.000000
281474976710655.000000	7.995033	15050	0.000000
281474976710655.000000	8.519110	15051	0.000000
281474976710655.000000	7.947819	15052	0.000000
281474976710655.000000	8.551307	15053	0.000000
281474976710655.000000	7.857368	15054	0.000000
281474976710655.000000	8.530320	15055	0.000000
281474976710655.000000	7.985712	15056	0.000000
281474976710655.000000	8.447062	15057	0.000000
281474976710655.000000	7.806351	15058	0.000000
281474976710655.000000	8.579709	15059	0.000000
281474976710655.000000	7.743576	15060	0.000000
281474976710655.000000	8.597432	15061	0.000000
281474976710655.000000	7.778452	15062	0.000000
281474976710655.000000	8.517406	15063	0.000000
281474976710655.000000	7.788419	15064	0.000000
281474976710655.000000	8.521527	15065	0.000000
281474976710655.000000	7.656825	15066	0.000000
281474976710655.000000	8.308228	15067	0.000000
281474976710655.000000	7.705189	15068	0.000000
281474976710655.000000	8.319489	15069	0.000000
281474976710655.000000	7.619595	15070	0.000000
281474976710655.000000	8.309062	15071	0.000000
281474976710655.000000	7.654103	15072	0.000000
281474976710655.000000	8.381860	15073	0.000000
281474976710655.000000	7.551551	15074	0.000000
281474976710655.000000	8.069156	15075	0.000000
281474976710655.000000	7.602569	15076	0.000000
281474976710655.000000	8.332211	15077	0.000000
281474976710655.000000	7.462001	15078	0.000000
281474976710655.000000	8.324617	15079	0.000000
281474976710655.000000	7.468256	15080	0.000000
281474976710655.000000	8.176003	15081	0.000000
281474976710655.000000	7.414416	15082	0.000000
281474976710655.000000	8.301840	15083	0.000000
281474976710655.000000	7.536920	15084	0.000000
281474976710655.000000	8.138442	15085	0.000000
281474976710655.000000	7.554797	15086	0.000000
281474976710655.000000	8.243918	15087	0.000000
281474976710655.000000	7.529637	15088	0.000000
281474976710655.000000	8.053758	15089	0.000000
281474976710655.000000	7.474718	15090	0.000000
281474976710655.000000	7.966644	15091	0.000000
281474976710655.000000	7.382520	15092	0.000000
281474976710655.000000	8.127905	15093	0.000000
281474976710655.000000	7.301030	15094	0.000000
281474976710655.000000	7.958305	15095	0.000000
281474976710655.000000	7.297949	15096	0.000000
281474976710655.000000	8.001187	15097	0.000000
281474976710655.000000	7.194462	15098	0.000000
281474976710655.000000	7.943515	15099	0.000000
281474976710655.000000	7.159997	15100	0.000000
281474976710655.000000	8.003989	15101	0.000000
281474976710655.000000	7.280683	15102	0.000000
281474976710655.000000	7.785292	15103	0.000000
281474976710655.000000	7.290731	15104	0.000000
281474976710655.000000	7.778827	15105	0.000000
281474976710655.000000	7.368062	15106	0.000000
281474976710655.000000	7.742721	15107	0.000000
281474976710655.000000	7.202977	15108	0.000000
281474976710655.000000	7.733975	15109	0.000000
281474976710655.000000	7.100203	15110	0.000000
281474976710655.000000	7.732571	15111	0.000000
281474976710655.000000	7.011604	15112	0.000000
281474976710655.000000	7.835522	15113	0.000000
281474976710655.000000	7.098115	15114	0.000000
281474976710655.000000	7.942609	15115	0.000000
281474976710655.000000	7.104044	15116	0.000000
281474976710655.000000	7.773320	15117	0.000000
281474976710655.000000	7.066112	15118	0.000000
281474976710655.000000	7.604733	15119	0.000000
281474976710655.000000	7.074454	15120	0.000000
281474976710655.000000	7.583160	15121	0.000000
281474976710655.000000	6.981401	15122	0.000000
281474976710655.000000	7.673864	15123	0.000000
281474976710655.000000	7.012842	15124	0.000000
281474976710655.000000	7.564923	15125	0.000000
281474976710655.000000	7.124502	15126	0.000000
281474976710655.000000	7.649822	15127	0.000000
281474976710655.000000	6.938809	15128	0.000000
281474976710655.000000	7.522840	15129	0.000000
281474976710655.000000	6.989378	15130	0.000000
281474976710655.000000	7.484252	15131	0.000000
281474976710655.000000	6.886088	15132	0.000000
281474976710655.000000	7.458537	15133	0.000000
281474976710655.000000	6.845816	15134	0.000000
281474976710655.000000	7.541360	15135	0.000000
281474976710655.000000	6.874162	15136	0.000000
281474976710655.000000	7.483840	15137	0.000000
281474976710655.000000	6.840410	15138	0.000000
281474976710655.000000	7.401084	15139	0.000000
281474976710655.000000	6.842439	15140	0.000000
281474976710655.000000	7.336493	15141	0.000000
281474976710655.000000	6.746951	15142	0.000000
281474976710655.000000	7.319225	15143	0.000000
281474976710655.000000	6.802267	15144	0.000000
281474976710655.000000	7.178342	15145	0.000000
281474976710655.000000	6.790195	15146	0.000000
281474976710655.000000	7.324311	15147	0.000000
281474976710655.000000	6.876542	15148	0.000000
281474976710655.000000	7.250338	15149	0.000000
281474976710655.000000	6.828626	15150	0.000000
281474976710655.000000	7.180138	15151	0.000000
281474976710655.000000	6.713108	15152	0.000000
281474976710655.000000	7.182334	15153	0.000000
281474976710655.000000	6.726377	15154	0.000000
281474976710655.000000	7.221942	15155	0.000000
281474976710655.000000	6.634906	15156	0.000000
281474976710655.000000	7.265655	15157	0.000000
281474976710655.000000	6.638803	15158	0.000000
281474976710655.000000	7.249213	15159	0.000000
281474976710655.000000	6.732416	15160	0.000000
281474976710655.000000	7.168123	15161	0.000000
281474976710655.000000	6.614670	15162	0.000000
281474976710655.000000	7.222380	15163	0.000000
281474976710655.000000	6.598541	15164	0.000000
281474976710655.000000	7.011748	15165	0.000000
281474976710655.000000	6.613237	15166	0.000000
281474976710655.000000	7.095234	15167	0.000000
281474976710655.000000	6.547949	15168	0.000000
281474976710655.000000	7.080904	15169	0.000000
281474976710655.000000	6.569846	15170	0.000000
281474976710655.000000	7.110236	15171	0.000000
281474976710655.000000	6.639499	15172	0.000000
281474976710655.000000	7.111293	15173	0.000000
281474976710655.000000	6.434102	15174	0.000000
281474976710655.000000	7.064258	15175	0.000000
281474976710655.000000	6.462429	15176	0.000000
281474976710655.000000	6.929546	15177	0.000000
281474976710655.000000	6.507019	15178	0.000000
281474976710655.000000	6.876055	15179	0.000000
281474976710655.000000	6.458518	15180	0.000000
281474976710655.000000	6.843836	15181	0.000000
281474976710655.000000	6.490380	15182	0.000000
281474976710655.000000	6.822776	15183	0.000000
281474976710655.000000	6.511781	15184	0.000000
281474976710655.000000	6.897156	15185	0.000000
281474976710655.000000	6.448741	15186	0.000000
281474976710655.000000	6.705510	15187	0.000000
281474976710655.000000	6.431195	15188	0.000000
281474976710655.000000	6.745667	15189	0.000000
281474976710655.000000	6.407521	15190	0.000000
281474976710655.000000	6.803438	15191	0.000000
281474976710655.000000	6.285857	15192	0.000000
281474976710655.000000	6.847962	15193	0.000000
281474976710655.000000	6.292863	15194	0.000000
281474976710655.000000	6.882340	15195	0.000000
281474976710655.000000	6.317996	15196	0.000000
281474976710655.000000	6.825648	15197	0.000000
281474976710655.000000	6.313845	15198	0.000000
281474976710655.000000	6.683480	15199	0.000000
281474976710655.000000	6.344067	15200	0.000000
281474976710655.000000	6.807518	15201	0.000000
281474976710655.000000	6.308246	15202	0.000000
281474976710655.000000	6.700071	15203	0.000000
281474976710655.000000	6.273571	15204	0.000000
281474976710655.000000	6.628592	15205	0.000000
281474976710655.000000	6.273258	15206	0.000000
281474976710655.000000	6.733889	15207	0.000000
281474976710655.000000	6.239950	15208	0.000000
281474976710655.000000	6.673129	15209	0.000000
281474976710655.000000	6.235781	15210	0.000000
281474976710655.000000	6.550183	15211	0.000000
281474976710655.000000	6.184450	15212	0.000000
281474976710655.000000	6.692106	15213	0.000000
281474976710655.000000	6.261528	15214	0.000000
281474976710655.000000	6.536971	15215	0.000000
281474976710655.000000	6.218022	15216	0.000000
281474976710655.000000	6.492208	15217	0.000000
281474976710655.000000	6.156657	15218	0.000000
281474976710655.000000	6.445193	15219	0.000000
281474976710655.000000	6.148993	15220	0.000000
281474976710655.000000	6.404684	15221	0.000000
281474976710655.000000	6.120354	15222	0.000000
281474976710655.000000	6.399053	15223	0.000000
281474976710655.000000	6.105628	15224	0.000000
281474976710655.000000	6.382383	15225	0.000000
281474976710655.000000	6.145053	15226	0.000000
281474976710655.000000	6.338064	15227	0.000000
281474976710655.000000	6.035835	15228	0.000000
281474976710655.000000	6.350414	15229	0.000000
281474976710655.000000	6.104762	15230	0.000000
281474976710655.000000	6.385575	15231	0.000000
281474976710655.000000	6.092915	15232	0.000000
281474976710655.000000	6.372652	15233	0.000000
281474976710655.000000	6.066346	15234	0.000000
281474976710655.000000	6.340302	15235	0.000000
281474976710655.000000	6.072722	15236	0.000000
281474976710655.000000	6.383472	15237	0.000000
281474976710655.000000	6.012939	15238	0.000000
281474976710655.000000	6.372054	15239	0.000000
281474976710655.000000	5.949770	15240	0.000000
281474976710655.000000	6.357096	15241	0.000000
281474976710655.000000	6.010405	15242	0.000000
281474976710655.000000	6.336717	15243	0.000000
281474976710655.000000	5.989808	15244	0.000000
281474976710655.000000	6.344573	15245	0.000000
281474976710655.000000	6.039819	15246	0.000000
281474976710655.000000	6.277926	15247	0.000000
281474976710655.000000	5.940376	15248	0.000000
281474976710655.000000	6.274445	15249	0.000000
281474976710655.000000	5.954615	15250	0.000000
281474976710655.000000	6.225945	15251	0.000000
281474976710655.000000	5.845237	15252	0.000000
281474976710655.000000	6.211401	15253	0.000000
281474976710655.000000	5.939045	15254	0.000000
281474976710655.000000	6.125304	15255	0.000000
281474976710655.000000	5.881094	15256	0.000000
281474976710655.000000	6.024263	15257	0.000000
281474976710655.000000	5.886725	15258	0.000000
281474976710655.000000	6.050329	15259	0.000000
281474976710655.000000	5.865514	15260	0.000000
281474976710655.000000	6.001556	15261	0.000000
281474976710655.000000	5.877447	15262	0.000000
281474976710655.000000	6.060160	15263	0.000000
281474976710655.000000	5.876785	15264	0.000000
281474976710655.000000	5.980293	15265	0.000000
